sample	count 	dilution	CFU.per.ml	MIC	antibiotic.conc	hours
WHOA_1	5	1000	5.00E+05	0.004882813	1.95313E-07	-2
WHOA_2	5	1000	5.00E+05	0.009765625	1.95313E-06	-2
WHOA_3	5	1000	5.00E+05	0.01953125	3.90625E-06	-2
WHOA_4	5	1000	5.00E+05	0.0390625	7.8125E-06	-2
WHOA_5	5	1000	5.00E+05	0.078125	0.000015625	-2
WHOA_6	5	1000	5.00E+05	0.15625	0.00003125	-2
WHOA_7	5	1000	5.00E+05	0.3125	0.0000625	-2
WHOA_8	5	1000	5.00E+05	0.625	0.000125	-2
WHOA_9	5	1000	5.00E+05	1.25	0.00025	-2
WHOA_10	5	1000	5.00E+05	2.5	0.0005	-2
WHOA_11	5	1000	5.00E+05	5	0.001	-2
WHOA_12	5	1000	5.00E+05	10	0.002	-2
WHOA_1	16	1000	1.60E+06	0.004882813	1.95313E-07	0
WHOA_2	12	1000	1.20E+06	0.009765625	1.95313E-06	0
WHOA_3	8	1000	8.00E+05	0.01953125	3.90625E-06	0
WHOA_4	8	1000	8.00E+05	0.0390625	7.8125E-06	0
WHOA_5	12	1000	1.20E+06	0.078125	0.000015625	0
WHOA_6	11	1000	1.10E+06	0.15625	0.00003125	0
WHOA_7	8	1000	8.00E+05	0.3125	0.0000625	0
WHOA_8	12	1000	1.20E+06	0.625	0.000125	0
WHOA_9	9	1000	9.00E+05	1.25	0.00025	0
WHOA_10	5	1000	5.00E+05	2.5	0.0005	0
WHOA_11	8	1000	8.00E+05	5	0.001	0
WHOA_12	8	1000	8.00E+05	10	0.002	0
WHOA_1	6	1000	6.00E+05	0.004882813	1.95313E-07	1
WHOA_2	7	1000	7.00E+05	0.009765625	1.95313E-06	1
WHOA_3	7	1000	7.00E+05	0.01953125	3.90625E-06	1
WHOA_4	7	1000	7.00E+05	0.0390625	7.8125E-06	1
WHOA_5	9	1000	9.00E+05	0.078125	0.000015625	1
WHOA_6	8	1000	8.00E+05	0.15625	0.00003125	1
WHOA_7	8	1000	8.00E+05	0.3125	0.0000625	1
WHOA_8	6	1000	6.00E+05	0.625	0.000125	1
WHOA_9	7	1000	7.00E+05	1.25	0.00025	1
WHOA_10	4	1000	4.00E+05	2.5	0.0005	1
WHOA_11	7	1000	7.00E+05	5	0.001	1
WHOA_12	7	1000	7.00E+05	10	0.002	1
WHOA_1	16	1000	1.60E+06	0.004882813	1.95313E-07	2
WHOA_2	12	1000	1.20E+06	0.009765625	1.95313E-06	2
WHOA_3	10	1000	1.00E+06	0.01953125	3.90625E-06	2
WHOA_4	15	1000	1.50E+06	0.0390625	7.8125E-06	2
WHOA_5	12	1000	1.20E+06	0.078125	0.000015625	2
WHOA_6	9	1000	9.00E+05	0.15625	0.00003125	2
WHOA_7	8	1000	8.00E+05	0.3125	0.0000625	2
WHOA_8	21	100	2.10E+05	0.625	0.000125	2
WHOA_9	18	100	1.80E+05	1.25	0.00025	2
WHOA_10	18	100	1.80E+05	2.5	0.0005	2
WHOA_11	19	100	1.90E+05	5	0.001	2
WHOA_12	22	100	2.20E+05	10	0.002	2
WHOA_1	21	1000	2.10E+06	0.004882813	1.95313E-07	3
WHOA_2	14	1000	1.40E+06	0.009765625	1.95313E-06	3
WHOA_3	16	1000	1.60E+06	0.01953125	3.90625E-06	3
WHOA_4	16	1000	1.60E+06	0.0390625	7.8125E-06	3
WHOA_5	12	1000	1.20E+06	0.078125	0.000015625	3
WHOA_6	4	1000	4.00E+05	0.15625	0.00003125	3
WHOA_7	15	100	1.50E+05	0.3125	0.0000625	3
WHOA_8	11	100	1.10E+05	0.625	0.000125	3
WHOA_9	14	100	1.40E+05	1.25	0.00025	3
WHOA_10	9	100	9.00E+04	2.5	0.0005	3
WHOA_11	10	100	1.00E+05	5	0.001	3
WHOA_12	13	100	1.30E+05	10	0.002	3
WHOA_1	6	10000	6.00E+06	0.004882813	1.95313E-07	4
WHOA_2	5	10000	5.00E+06	0.009765625	1.95313E-06	4
WHOA_3	6	10000	6.00E+06	0.01953125	3.90625E-06	4
WHOA_4	5	10000	5.00E+06	0.0390625	7.8125E-06	4
WHOA_5	3	10000	3.00E+06	0.078125	0.000015625	4
WHOA_6	2	1000	2.00E+05	0.15625	0.00003125	4
WHOA_7	7	100	7.00E+04	0.3125	0.0000625	4
WHOA_8	10	100	1.00E+05	0.625	0.000125	4
WHOA_9	8	100	8.00E+04	1.25	0.00025	4
WHOA_10	6	100	6.00E+04	2.5	0.0005	4
WHOA_11	6	100	6.00E+04	5	0.001	4
WHOA_12	8	100	8.00E+04	10	0.002	4
WHOA_1	18	10000	1.80E+07	0.004882813	1.95313E-07	5
WHOA_2	8	10000	8.00E+06	0.009765625	1.95313E-06	5
WHOA_3	9	10000	9.00E+06	0.01953125	3.90625E-06	5
WHOA_4	12	10000	1.20E+07	0.0390625	7.8125E-06	5
WHOA_5	6	10000	6.00E+06	0.078125	0.000015625	5
WHOA_6	12	100	1.20E+05	0.15625	0.00003125	5
WHOA_7	3	100	3.00E+04	0.3125	0.0000625	5
WHOA_8	3	100	3.00E+04	0.625	0.000125	5
WHOA_9	26	10	2.60E+04	1.25	0.00025	5
WHOA_10	22	10	2.20E+04	2.5	0.0005	5
WHOA_11	14	10	1.40E+04	5	0.001	5
WHOA_12	22	10	2.20E+04	10	0.002	5
WHOA_1	5	100000	5.00E+07	0.004882813	1.95313E-07	6
WHOA_2	4	100000	4.00E+07	0.009765625	1.95313E-06	6
WHOA_3	4	100000	4.00E+07	0.01953125	3.90625E-06	6
WHOA_4	4	100000	4.00E+07	0.0390625	7.8125E-06	6
WHOA_5	8	10000	8.00E+06	0.078125	0.000015625	6
WHOA_6	11	100	1.10E+05	0.15625	0.00003125	6
WHOA_7	16	10	1.60E+04	0.3125	0.0000625	6
WHOA_8	15	10	1.50E+04	0.625	0.000125	6
WHOA_9	18	10	1.80E+04	1.25	0.00025	6
WHOA_10	14	10	1.40E+04	2.5	0.0005	6
WHOA_11	10	10	1.00E+04	5	0.001	6
WHOA_12	13	10	1.30E+04	10	0.002	6
