sample	count 	dilution	CFU.per.ml	MIC	antibiotic.conc	hours
WHOA_1	5	1000	5.00E+05	0.009765625	0.000125	-2
WHOA_2	5	1000	5.00E+05	0.01953125	0.00125	-2
WHOA_3	5	1000	5.00E+05	0.0390625	0.0025	-2
WHOA_4	5	1000	5.00E+05	0.078125	0.005	-2
WHOA_5	5	1000	5.00E+05	0.15625	0.01	-2
WHOA_6	5	1000	5.00E+05	0.3125	0.02	-2
WHOA_7	5	1000	5.00E+05	0.625	0.04	-2
WHOA_8	5	1000	5.00E+05	1.25	0.08	-2
WHOA_9	5	1000	5.00E+05	2.5	0.16	-2
WHOA_10	5	1000	5.00E+05	5	0.32	-2
WHOA_11	5	1000	5.00E+05	10	0.64	-2
WHOA_12	5	1000	5.00E+05	100	6.4	-2
WHOA_1	16	1000	1.60E+06	0.009765625	0.000125	0
WHOA_2	16	1000	1.60E+06	0.01953125	0.00125	0
WHOA_3	12	1000	1.20E+06	0.0390625	0.0025	0
WHOA_4	10	1000	1.00E+06	0.078125	0.005	0
WHOA_5	12	1000	1.20E+06	0.15625	0.01	0
WHOA_6	6	1000	6.00E+05	0.3125	0.02	0
WHOA_7	11	1000	1.10E+06	0.625	0.04	0
WHOA_8	8	1000	8.00E+05	1.25	0.08	0
WHOA_9	9	1000	9.00E+05	2.5	0.16	0
WHOA_10	8	1000	8.00E+05	5	0.32	0
WHOA_11	8	1000	8.00E+05	10	0.64	0
WHOA_12	7	1000	7.00E+05	100	6.4	0
WHOA_1	12	1000	1.20E+06	0.009765625	0.000125	1
WHOA_2	7	1000	7.00E+05	0.01953125	0.00125	1
WHOA_3	7	1000	7.00E+05	0.0390625	0.0025	1
WHOA_4	6	1000	6.00E+05	0.078125	0.005	1
WHOA_5	9	1000	9.00E+05	0.15625	0.01	1
WHOA_6	9	1000	9.00E+05	0.3125	0.02	1
WHOA_7	28	100	2.80E+05	0.625	0.04	1
WHOA_8	20	1000	2.00E+06	1.25	0.08	1
WHOA_9	9	1000	9.00E+05	2.5	0.16	1
WHOA_10	6	1000	6.00E+05	5	0.32	1
WHOA_11	8	100	8.00E+04	10	0.64	1
WHOA_12	6	100	6.00E+04	100	6.4	1
WHOA_1	13	1000	1.30E+06	0.009765625	0.000125	2
WHOA_2	9	1000	9.00E+05	0.01953125	0.00125	2
WHOA_3	9	1000	9.00E+05	0.0390625	0.0025	2
WHOA_4	8	1000	8.00E+05	0.078125	0.005	2
WHOA_5	9	1000	9.00E+05	0.15625	0.01	2
WHOA_6	8	1000	8.00E+05	0.3125	0.02	2
WHOA_7	12	1000	1.20E+06	0.625	0.04	2
WHOA_8	9	1000	9.00E+05	1.25	0.08	2
WHOA_9	8	1000	8.00E+05	2.5	0.16	2
WHOA_10	5	1000	5.00E+05	5	0.32	2
WHOA_11	4	100	4.00E+04	10	0.64	2
WHOA_12	4	10	4.00E+03	100	6.4	2
WHOA_1	6	10000	6.00E+06	0.009765625	0.000125	3
WHOA_2	6	10000	6.00E+06	0.01953125	0.00125	3
WHOA_3	5	10000	5.00E+06	0.0390625	0.0025	3
WHOA_4	16	1000	1.60E+06	0.078125	0.005	3
WHOA_5	2	10000	2.00E+06	0.15625	0.01	3
WHOA_6	5	10000	5.00E+06	0.3125	0.02	3
WHOA_7	22	100	2.20E+05	0.625	0.04	3
WHOA_8	23	100	2.30E+05	1.25	0.08	3
WHOA_9	11	100	1.10E+05	2.5	0.16	3
WHOA_10	6	100	6.00E+04	5	0.32	3
WHOA_11	3	1	3.00E+02	10	0.64	3
WHOA_12	2	1	2.00E+02	100	6.4	3
WHOA_1	24	10000	2.40E+07	0.009765625	0.000125	4
WHOA_2	23	10000	2.30E+07	0.01953125	0.00125	4
WHOA_3	23	10000	2.30E+07	0.0390625	0.0025	4
WHOA_4	18	1000	1.80E+06	0.078125	0.005	4
WHOA_5	16	1000	1.60E+06	0.15625	0.01	4
WHOA_6	14	1000	1.40E+06	0.3125	0.02	4
WHOA_7	8	1000	8.00E+05	0.625	0.04	4
WHOA_8	19	100	1.90E+05	1.25	0.08	4
WHOA_9	6	100	6.00E+04	2.5	0.16	4
WHOA_10	3	10	3.00E+03	5	0.32	4
WHOA_11	0	1	0.00E+00	10	0.64	4
WHOA_12	0	1	0.00E+00	100	6.4	4
WHOA_1	30	10000	3.00E+07	0.009765625	0.000125	5
WHOA_2	31	10000	3.10E+07	0.01953125	0.00125	5
WHOA_3	26	10000	2.60E+07	0.0390625	0.0025	5
WHOA_4	3	10000	3.00E+06	0.078125	0.005	5
WHOA_5	18	1000	1.80E+06	0.15625	0.01	5
WHOA_6	12	1000	1.20E+06	0.3125	0.02	5
WHOA_7	3	1000	3.00E+05	0.625	0.04	5
WHOA_8	14	100	1.40E+05	1.25	0.08	5
WHOA_9	22	1	2.20E+03	2.5	0.16	5
WHOA_10	3	1	3.00E+02	5	0.32	5
WHOA_11	0	1	0.00E+00	10	0.64	5
WHOA_12	0	1	0.00E+00	100	6.4	5
WHOA_1	6	100000	6.00E+07	0.009765625	0.000125	6
WHOA_2	23	10000	2.30E+07	0.01953125	0.00125	6
WHOA_3	18	10000	1.80E+07	0.0390625	0.0025	6
WHOA_4	16	10000	1.60E+07	0.078125	0.005	6
WHOA_5	15	10000	1.50E+07	0.15625	0.01	6
WHOA_6	21	1000	2.10E+06	0.3125	0.02	6
WHOA_7	26	100	2.60E+05	0.625	0.04	6
WHOA_8	13	100	1.30E+05	1.25	0.08	6
WHOA_9	3	1	3.00E+02	2.5	0.16	6
WHOA_10	0	1	0.00E+00	5	0.32	6
WHOA_11	0	1	0.00E+00	10	0.64	6
WHOA_12	0	1	0.00E+00	100	6.4	6
